0,405
0,404
69,85
108,35
75,1
75,431
75,3
69,40
69,4
69,84
69,83
69,82
69,81
69,79
69,78
69,77
69,76
69,75
69,74
69,73
69,72
69,71
69,70
69,69
69,68
69,67
69,66
69,65
69,64
69,39
69,38
69,37
69,36
69,35
69,34
69,33
69,32
69,31
69,30
69,29
69,28
69,27
69,26
69,25
69,24
69,23
69,22
69,21
69,20
69,19
69,17
69,16
69,15
69,14
69,13
69,10
69,9
69,8
69,7
69,6
69,5
69,1
69,80
14,7
3,2
3,1
3,3
10,2
10,1
10,3
11,2
11,1
11,3
9,2
9,1
9,3
8,2
8,1
8,3
12,2
12,1
12,3
20,2
20,1
20,3
19,2
19,1
19,3
18,1
18,3
14,6
14,1
14,9
14,3
13,1
13,3
21,3
21,2
21,1
21,0
7,13
7,12
7,11
7,10
7,9
7,8
7,7
7,6
7,1
7,5
7,4
6,6
6,5
6,1
6,4
6,3
4,86
4,85
4,84
4,83
4,82
4,81
4,80
4,79
4,78
4,77
4,76
4,75
4,74
4,73
4,72
4,71
4,70
4,69
4,68
4,67
4,66
4,65
4,64
4,40
4,39
4,38
4,37
4,36
4,35
4,34
4,33
4,32
4,31
4,30
4,29
4,28
4,27
4,26
4,25
4,24
4,23
4,22
4,21
4,20
4,19
4,18
4,17
4,16
4,15
4,14
4,13
4,12
4,11
4,10
4,9
4,8
4,7
4,6
4,1
4,5
4,4
2,2
2,1
2,3
0,0
69,3
0,340
0,9
108,34
108,33
108,32
108,31
108,30
108,29
108,28
108,27
108,26
108,25
108,24
108,23
108,22
108,21
108,20
108,19
108,18
108,17
108,16
108,15
108,14
